                           x                ground state                 1st excited                 2nd excited
  -20.000000000000000        1.3700153193357009E-055   1.0010431880232336E-048   4.6523491626296552E-042
  -19.899749373433583        4.6544651006275613E-055   5.6089206589991904E-048   7.0996936897650070E-041
  -19.799498746867169        4.0813856432166662E-056   9.4644377474025892E-049   1.3700957947172796E-040
  -19.699248120300751        3.1166601880291840E-054   4.6238388443472494E-047   7.5957060775578017E-040
  -19.598997493734338        7.8222467399882147E-060   2.0675281587423969E-048   1.5017186615121004E-040
  -19.498746867167920        6.4937778506521709E-055   1.6109405317647532E-047   4.1254747382596950E-040
  -19.398496240601503        1.8158708935082805E-054   8.3396732319269345E-048   2.2485087741456816E-042
  -19.298245614035089        6.1069449076747651E-057   4.7931130222132908E-050   1.0130089542065309E-041
  -19.197994987468672        1.4283078414123073E-055   1.2917979248202791E-048   1.0175653185538829E-041
  -19.097744360902254        4.3475502472748570E-056   8.0875549577116194E-051   7.9168513632537138E-042
  -18.997493734335841        2.7156889123413722E-055   2.4033339881572358E-048   1.8095371258205680E-041
  -18.897243107769423        4.6876940722728692E-056   6.5785972725588871E-049   1.0168371934435858E-041
  -18.796992481203006        2.8840475685018721E-057   6.1830786499034774E-050   1.4448795864412439E-042
  -18.696741854636592        3.4926296872472296E-057   2.6568414692767636E-050   1.4145201531942543E-043
  -18.596491228070175        5.7166392327802355E-057   5.9186323299736041E-050   6.0185835781252898E-043
  -18.496240601503761        7.7886345350287341E-059   3.1107533097640381E-051   1.0427758236715256E-043
  -18.395989974937343        8.9049349877419185E-060   4.5814042309990499E-053   1.1803103587623120E-044
  -18.295739348370926        2.5801604605239972E-059   4.0736450938154716E-052   7.1710534555451653E-045
  -18.195488721804512        2.6087145093036458E-061   3.9153852051136245E-054   6.9625799080187277E-047
  -18.095238095238095        1.6557945151906355E-060   6.1163964488735498E-054   9.0182615828880047E-049
  -17.994987468671681        5.1124591300125240E-062   2.1080405614939439E-054   7.2003722952891562E-047
  -17.894736842105264        2.2670540541755971E-061   1.6261139942152483E-054   7.2867714830690724E-048
  -17.794486215538846        9.8309360731333654E-063   9.3016424173681713E-056   7.9647312759953543E-049
  -17.694235588972433        1.9325228903252780E-063   6.0150544185777598E-057   8.9407426323064265E-051
  -17.593984962406015        5.9142328327504973E-065   6.2669360250120693E-058   6.7953091253721657E-051
  -17.493734335839598        2.0534575845843475E-064   2.6146061013068959E-057   3.6178397325629650E-050
  -17.393483709273184        1.0069638626533660E-066   1.0770041229531742E-059   1.1150181538847059E-052
  -17.293233082706767        1.6727500726130887E-071   1.2986104351204593E-060   9.5024871711220009E-053
  -17.192982456140349        2.1588451072334641E-067   2.3533419127172047E-060   2.6757965659299775E-053
  -17.092731829573935        5.4241199877848759E-068   4.8193527512421131E-061   3.7081378450225108E-054
  -16.992481203007518        2.2769141880432725E-068   2.8946382554016199E-061   3.9749644680984086E-054
  -16.892230576441104        1.0817979900022319E-069   2.4483637582834901E-062   5.9007246500697985E-055
  -16.791979949874687        1.2221588919207300E-069   9.8903012404917713E-063   6.0946792183617552E-056
  -16.691729323308270        5.0891929018234304E-072   3.8985748894180436E-064   1.6752540678257620E-056
  -16.591478696741856        2.1169420683504312E-071   2.6938700345050791E-064   3.7000657361094338E-057
  -16.491228070175438        9.6922627290206212E-073   1.2988033896683914E-065   1.9205922945700907E-058
  -16.390977443609025        7.7936102939380759E-073   5.0087222942013053E-066   1.5573417722669635E-059
  -16.290726817042607        4.9279110401072186E-074   6.2281205232529410E-067   8.5165934648359133E-060
  -16.190476190476190        1.3058526365252691E-074   1.4957892153110106E-067   1.7679702324250927E-060
  -16.090225563909776        1.9389142299591064E-077   3.3151504897854137E-073   6.3742527757338961E-063
  -15.989974937343359        7.0382150095107043E-077   8.7295048819671245E-070   1.1586433711875117E-062
  -15.889724310776943        4.6620755114397825E-078   1.7194567018107379E-071   3.0936510552409096E-066
  -15.789473684210527        5.2857281379471676E-079   6.2639695111963097E-072   7.8184047490488308E-065
  -15.689223057644110        3.2386889488552027E-079   3.2596440028520961E-072   3.1389011958262870E-065
  -15.588972431077694        2.4262225063749236E-080   2.3013961278566145E-073   1.9950733681998669E-066
  -15.488721804511279        4.5345739742644698E-081   3.8420991634413452E-074   2.6499567742362551E-067
  -15.388471177944862        3.8339484893250426E-082   3.6876724100273519E-075   3.4359964816580565E-068
  -15.288220551378446        7.5208197130478913E-084   9.3212902616785994E-077   1.9781391724454990E-069
  -15.187969924812030        7.8328134920326636E-084   7.8193837367520762E-078   4.7742172031894038E-070
  -15.087719298245615        1.0931876770424959E-083   1.4348247093759185E-078   4.4390977714247967E-071
  -14.987468671679199        2.4107464186957614E-083   1.1344956672512076E-079   8.8187598117548079E-073
  -14.887218045112782        5.1446020846129295E-083   8.4444934663137016E-082   5.7189707555679221E-073
  -14.786967418546366        8.8213949239595757E-081   1.2443358082000977E-080   4.9480256373525793E-074
  -14.686716791979951        4.3989664335543701E-081   3.0268711102490953E-079   3.0138131703271660E-072
  -14.586466165413533        1.9405070265891468E-079   2.0372585922014426E-079   4.6958111197073634E-072
  -14.486215538847118        5.4625931254192929E-078   2.4042020512241774E-077   7.2500662562413193E-071
  -14.385964912280702        2.1400634355406252E-077   7.4783186870967756E-077   3.3241436761664693E-070
  -14.285714285714286        8.1862569377092176E-077   6.9001229979962472E-077   6.2369903174828839E-072
  -14.185463659147871        1.7823943309589658E-076   6.0522349212771054E-076   1.6538478012601137E-076
  -14.085213032581454        3.9556037332538343E-076   4.7466258178742450E-076   1.7184165663587899E-071
  -13.984962406015038        3.2614609078644818E-075   5.9413454350106552E-075   6.4714160079767987E-071
  -13.884711779448622        2.9801767167456752E-074   1.2906513021106231E-073   5.6227329086472761E-073
  -13.784461152882205        1.7914410568424937E-073   1.5544759622434186E-073   1.6907599381105451E-073
  -13.684210526315789        1.1162797912571596E-072   1.6888034103754320E-072   3.2504023951981602E-070
  -13.583959899749374        5.9329511903073856E-072   1.6703422331047628E-071   3.1873433767328574E-072
  -13.483709273182958        6.2002798693263512E-071   8.0733366543513187E-071   3.4166843433481668E-071
  -13.383458646616543        4.7962808655915192E-071   1.1671309291290156E-070   1.1024479047779201E-071
  -13.283208020050125        6.1745289929021969E-070   2.6036870027310728E-069   1.2417443264410873E-070
  -13.182957393483710        1.8709738705054226E-069   1.7024498438414950E-069   1.5342556910308998E-069
  -13.082706766917294        2.5669759708785211E-069   6.3597217838560612E-069   3.0655874780955254E-068
  -12.982456140350877        1.1426025506061487E-067   1.3397680301608704E-067   2.9920877873904936E-069
  -12.882205513784461        1.7298319914229091E-067   2.5392896251601639E-067   1.7368561861585971E-066
  -12.781954887218046        4.5413238537908546E-068   1.6028184547952462E-066   2.2350945165765373E-065
  -12.681704260651630        2.3725678073746898E-066   1.0888261775000734E-065   2.2439666859742577E-064
  -12.581453634085214        2.3886136922856097E-065   8.4866447967343527E-065   2.9252095748110090E-063
  -12.481203007518797        3.0325920489236384E-065   4.8935938488194971E-064   3.2556983824627544E-062
  -12.380952380952381        5.3555116826924237E-065   4.0722393533078706E-063   3.1951149069773784E-061
  -12.280701754385966        4.2423951793759388E-064   3.1169813882660899E-062   3.3197726030079013E-060
  -12.180451127819548        1.5018801980057415E-063   2.7372443143870034E-061   3.3239802956968307E-059
  -12.080200501253133        1.6845311470164126E-062   2.7303905233799394E-060   3.2452845822567039E-058
  -11.979949874686717        1.2479429572651707E-061   2.5962007962055881E-059   3.1090058933895495E-057
  -11.879699248120302        1.1678373296179575E-060   2.4685619286327681E-058   2.9313678545588629E-056
  -11.779448621553886        1.0340381839312767E-059   2.3009749354916231E-057   2.7141316521213037E-055
  -11.679197994987469        9.2558076384615122E-059   2.1227000342662294E-056   2.4676541687289627E-054
  -11.578947368421053        8.4215064024278583E-058   1.9214007546028098E-055   2.2052873852903710E-053
  -11.478696741854638        7.5439510692900077E-057   1.7117011498724064E-054   1.9357508030692507E-052
  -11.378446115288220        6.6982192916615483E-056   1.4986171121089139E-053   1.6692728585368078E-051
  -11.278195488721805        5.8414289330112622E-055   1.2891341364910909E-052   1.4140351359750276E-050
  -11.177944862155389        5.0116805645221733E-054   1.0895692694384372E-051   1.1766103535196105E-049
  -11.077694235588973        4.2276618534925771E-053   9.0476868444497595E-051   9.6167989595797218E-049
  -10.977443609022558        3.5037985280242041E-052   7.3807833197683589E-050   7.7202874403740986E-048
  -10.877192982456140        2.8532685092228238E-051   5.9147408480692988E-049   6.0872711219061025E-047
  -10.776942355889725        2.2828831482354388E-050   4.6560585962880836E-048   4.7138835089812741E-046
  -10.676691729323309        1.7944853011283843E-049   3.6002469090580618E-047   3.5849477981322193E-045
  -10.576441102756892        1.3857744270153291E-048   2.7343822750275055E-046   2.6774128404212548E-044
  -10.476190476190476        1.0512940713981929E-047   2.0397719164639259E-045   1.9636182915538594E-043
  -10.375939849624061        7.8346460107012755E-047   1.4944511852207811E-044   1.4141278569847868E-042
  -10.275689223057645        5.7353753113795911E-046   1.0753303703683680E-043   9.9997879268179161E-042
  -10.175438596491230        4.1241609833451155E-045   7.5987906266314025E-043   6.9429492142637621E-041
  -10.075187969924812        2.9128943990707464E-044   5.2731699994601038E-042   4.7329161951717103E-040
  -9.9749373433583965        2.0207534721818243E-043   3.5934048026713893E-041   3.1675666663287675E-039
  -9.8746867167919810        1.3768465874493294E-042   2.4045286267567819E-040   2.0812070408294038E-038
  -9.7744360902255636        9.2135208801572990E-042   1.5798853248921608E-039   1.3423871370243456E-037
  -9.6741854636591480        6.0550514879108626E-041   1.0192374235120313E-038   8.4995043183822884E-037
  -9.5739348370927324        3.9079280418715043E-040   6.4559733271668039E-038   5.2825428691479476E-036
  -9.4736842105263168        2.4768300288560618E-039   4.0148290549111648E-037   3.2225993160252388E-035
  -9.3734335839599012        1.5415274960539271E-038   2.4511718323711075E-036   1.9295836612714423E-034
  -9.2731829573934839        9.4209856304525456E-038   1.4691435543231378E-035   1.1339529753065033E-033
  -9.1729323308270683        5.6534824161340366E-037   8.6441223453587789E-035   6.5400435945889909E-033
  -9.0726817042606527        3.3311570568181235E-036   4.9925933286707807E-034   3.7016927747037080E-032
  -8.9724310776942353        1.9271624764425177E-035   2.8304958399145722E-033   2.0560520871823218E-031
  -8.8721804511278197        1.0946381772955331E-034   1.5751151926056350E-032   1.1206285095123301E-030
  -8.7719298245614041        6.1043138026663546E-034   8.6031604175634698E-032   5.9932548223722043E-030
  -8.6716791979949885        3.3419670165182376E-033   4.6119230510714156E-031   3.1449732466544599E-029
  -8.5714285714285730        1.7961874155659519E-032   2.4264248397224908E-030   1.6192123703319503E-028
  -8.4711779448621556        9.4769926576022053E-032   1.2528377098328274E-029   8.1790472501694079E-028
  -8.3709273182957400        4.9084475862994988E-031   6.3481677013337922E-029   4.0531525576586049E-027
  -8.2706766917293244        2.4955018579136265E-030   3.1565303839568797E-028   1.9703966965414897E-026
  -8.1704260651629070        1.2453667479636907E-029   1.5401462487606877E-027   9.3964520110748760E-026
  -8.0701754385964914        6.1002532060585097E-029   7.3737216171214106E-027   4.3954416280755100E-025
  -7.9699248120300759        2.9328873710527219E-028   3.4639105002295617E-026   2.0167322571581235E-024
  -7.8696741854636603        1.3839666900966883E-027   1.5965557098580449E-025   9.0756897496528096E-024
  -7.7694235588972447        6.4095054691318851E-027   7.2197356561483236E-025   4.0056692433006714E-023
  -7.6691729323308273        2.9132519854101205E-026   3.2030270243129630E-024   1.7338549677740521E-022
  -7.5689223057644117        1.2994882057299781E-025   1.3940689130308972E-023   7.3598788997761802E-022
  -7.4686716791979961        5.6884458023531796E-025   5.9521575897724454E-023   3.0635611454660543E-021
  -7.3684210526315788        2.4435894415704680E-024   2.4929484312327436E-022   1.2504258585156245E-020
  -7.2681704260651632        1.0300602880208027E-023   1.0241957434543479E-021   5.0042859759988523E-020
  -7.1679197994987476        4.2607240730824768E-023   4.1272946758974256E-021   1.9636137819767139E-019
  -7.0676691729323320        1.7293274261495975E-022   1.6313336638191033E-020   7.5539917041512000E-019
  -6.9674185463659164        6.8870131890345674E-022   6.3240722507958982E-020   2.8489170273597794E-018
  -6.8671679197994990        2.6911097056982521E-021   2.4044146043340932E-019   1.0532755595791528E-017
  -6.7669172932330834        1.0317292767249941E-020   8.9652438990845118E-019   3.8171462158538070E-017
  -6.6666666666666679        3.8807990872413126E-020   3.2782092976815570E-018   1.3559555259366428E-016
  -6.5664160401002505        1.4321382255620347E-019   1.1754780976184792E-017   4.7210304694511353E-016
  -6.4661654135338349        5.1849495766870377E-019   4.1331107632477408E-017   1.6109692677374138E-015
  -6.3659147869674193        1.8415670936348164E-018   1.4249688828917994E-016   5.3872941266202099E-015
  -6.2656641604010037        6.4165515048024927E-018   4.8170436508491261E-016   1.7654704092752818E-014
  -6.1654135338345881        2.1931827063979691E-017   1.5965535721051099E-015   5.6692979598556141E-014
  -6.0651629072681708        7.3535141220545051E-017   5.1879379189548130E-015   1.7838130367364172E-013
  -5.9649122807017552        2.4185227776039363E-016   1.6527030638080873E-014   5.4991053078773754E-013
  -5.8646616541353396        7.8024115494406929E-016   5.1613565711754733E-014   1.6608411199875758E-012
  -5.7644110275689222        2.4689902911483163E-015   1.5800898279612375E-013   4.9139120672503189E-012
  -5.6641604010025066        7.6632033508375018E-015   4.7416357872422431E-013   1.4241604651389138E-011
  -5.5639097744360910        2.3328697580434206E-014   1.3947051352675811E-012   4.0428793720744082E-011
  -5.4636591478696754        6.9654423118030041E-014   4.0209005822271019E-012   1.1240612499208837E-010
  -5.3634085213032598        2.0397362462042218E-013   1.1361339509715308E-011   3.0607115046852390E-010
  -5.2631578947368425        5.8580845463903448E-013   3.1461477580532822E-011   8.1611751574634094E-010
  -5.1629072681704269        1.6499961315060223E-012   8.5378731318723538E-011   2.1308073896519763E-009
  -5.0626566416040113        4.5576965579591939E-012   2.2704837024187597E-010   5.4470168162244433E-009
  -4.9624060150375939        1.2346184561100188E-011   5.9164570780681905E-010   1.3631902854631742E-008
  -4.8621553884711783        3.2797055091304195E-011   1.5106212046291313E-009   3.3396114310922303E-008
  -4.7619047619047628        8.5436151871849256E-011   3.7789848818150675E-009   8.0081754969718652E-008
  -4.6616541353383472        2.1824456727725623E-010   9.2617887087967012E-009   1.8794196501997622E-007
  -4.5614035087719316        5.4667661443757037E-010   2.2237618972044317E-008   4.3163680382474440E-007
  -4.4611528822055142        1.3427444769166478E-009   5.2303171337630602E-008   9.6998957437088683E-007
  -4.3609022556390986        3.2338716901910018E-009   1.2049961593615533E-007   2.1326325447858818E-006
  -4.2606516290726830        7.6367682216546601E-009   2.7191403915603590E-007   4.5867875513801985E-006
  -4.1604010025062657        1.7682550772859542E-008   6.0094548377560463E-007   9.6490493281604667E-006
  -4.0601503759398501        4.0143934926646379E-008   1.3006598230506777E-006   1.9850864659788933E-005
  -3.9598997493734345        8.9356492789372656E-008   2.7566633447508030E-006   3.9932321445122442E-005
  -3.8596491228070171        1.9500917621237188E-007   5.7208358982190867E-006   7.8531905724645848E-005
  -3.7593984962406033        4.1725210429175374E-007   1.1623942117371781E-005   1.5096099391109701E-004
  -3.6591478696741859        8.7528313793700768E-007   2.3122022802008013E-005   2.8359241239972721E-004
  -3.5588972431077721        1.8001027688427955E-006   4.5023001730362516E-005   5.2052635385804074E-004
  -3.4586466165413547        3.6294190407012264E-006   8.5809297771777577E-005   9.3327125176502468E-004
  -3.3583959899749374        7.1739865579500657E-006   1.6005803392053801E-004   1.6341033441031505E-003
  -3.2581453634085236        1.3901459102490370E-005   2.9215430569526092E-004   2.7934201373605075E-003
  -3.1578947368421062        2.6407637076290911E-005   5.2177502649269339E-004   4.6606268328425911E-003
  -3.0576441102756888        4.9176902593435259E-005   9.1165492778442125E-004   7.5867459517415742E-003
  -2.9573934837092750        8.9773594315595864E-005   1.5580765023128237E-003   1.2044946665938373E-002
  -2.8571428571428577        1.6065173195941541E-004   2.6042773266870397E-003   1.8642647628298207E-002
  -2.7568922305764403        2.8181578153582389E-004   4.2564564390902048E-003   2.8116130638257304E-002
  -2.6566416040100265        4.8459870933738639E-004   6.8012116976598419E-003   4.1296458365604159E-002
  -2.5563909774436091        8.1682757880765665E-004   1.0622022271610456E-002   5.9035049071268365E-002
  -2.4561403508771953        1.3495969365708601E-003   1.6210865524279413E-002   8.2079909654551184E-002
  -2.3558897243107779        2.1857369255701654E-003   2.4169427561240707E-002  0.11090056735401276     
  -2.2556390977443606        3.4698170697457084E-003   3.5193012242889336E-002  0.14547184037813138     
  -2.1553884711779467        5.3991467631230123E-003   5.0029734534072029E-002  0.18504310914826166     
  -2.0551378446115294        8.2347181611410816E-003   6.9408578028558349E-002  0.22793813548637315     
  -1.9548872180451156        1.2310418016842656E-002   9.3933053627134555E-002  0.27144601738419893     
  -1.8546365914786982        1.8038188755804856E-002  0.12394291405959118       0.31187016924257394     
  -1.7543859649122808        2.5906273518115551E-002  0.15935452796901059       0.34479260022830882     
  -1.6541353383458670        3.6467408190864130E-002  0.19950019240140174       0.36558051973932942     
  -1.5538847117794496        5.0314022261202997E-002  0.24299606169826701       0.37011136363411601     
  -1.4536340852130323        6.8038359777631091E-002  0.28767491317778482       0.35562747437662046     
  -1.3533834586466185        9.0177040730608490E-002  0.33062072897859829       0.32156708452759980     
  -1.2531328320802011       0.11714192979815874       0.36833451767255970       0.27017365104778740     
  -1.1528822055137837       0.14914206211811329       0.39704371745837591       0.20668141149951488     
  -1.0526315789473699       0.18610439479036883       0.41314188725809514       0.13892563490261317     
 -0.95238095238095255       0.22760373873276010       0.41371484177047640        7.6332697190752322E-002
 -0.85213032581453874       0.27281372346144073       0.39708003075978165        2.8391544341625861E-002
 -0.75187969924812137       0.32049045117669983       0.36324534894694577        2.8610097318156232E-003
 -0.65162907268170400       0.36899820933646810       0.31418889898211760        4.0832913951326204E-003
 -0.55137844611529019       0.41638219397699644       0.25387724227366865        3.1811063977694801E-002
 -0.45112781954887282       0.46048706102360421       0.18797670434011723        8.0888778620339011E-002
 -0.35087719298245901       0.49911312841818561       0.12326532471221310       0.14195996378160136     
 -0.25062656641604164       0.53019538622180196        6.6812082757016000E-002  0.20313571915405212     
 -0.15037593984962427       0.55198543177336301        2.5042133294297129E-002  0.25231437300863679     
  -5.0125313283210460E-002  0.56321415731861557        2.8391336122427242E-003  0.27965718143341989     
   5.0125313283206907E-002  0.56321415731860935        2.8391336122544734E-003  0.27965718143340512     
  0.15037593984962427       0.55198543177336146        2.5042133294331619E-002  0.25231437300859832     
  0.25062656641603809       0.53019538622180873        6.6812082757072774E-002  0.20313571915399373     
  0.35087719298245545       0.49911312841819294       0.12326532471228799       0.14195996378153719     
  0.45112781954887282       0.46048706102360454       0.18797670434020350        8.0888778620279073E-002
  0.55137844611528664       0.41638219397698267       0.25387724227374958        3.1811063977654652E-002
  0.65162907268170400       0.36899820933644129       0.31418889898218866        4.0832913951182525E-003
  0.75187969924811782       0.32049045117665947       0.36324534894700172        2.8610097318276574E-003
  0.85213032581453518       0.27281372346139365       0.39708003075982334        2.8391544341660004E-002
  0.95238095238095255       0.22760373873270667       0.41371484177049628        7.6332697190797744E-002
   1.0526315789473664       0.18610439479031399       0.41314188725809514       0.13892563490265741     
   1.1528822055137837       0.14914206211805781       0.39704371745836653       0.20668141149954730     
   1.2531328320801975       0.11714192979810625       0.36833451767254094       0.27017365104779906     
   1.3533834586466149        9.0177040730562916E-002  0.33062072897857403       0.32156708452759347     
   1.4536340852130323        6.8038359777590721E-002  0.28767491317776006       0.35562747437660125     
   1.5538847117794461        5.0314022261170724E-002  0.24299606169824714       0.37011136363408503     
   1.6541353383458635        3.6467408190838678E-002  0.19950019240138694       0.36558051973929279     
   1.7543859649122808        2.5906273518096851E-002  0.15935452796900207       0.34479260022827207     
   1.8546365914786946        1.8038188755791548E-002  0.12394291405958537       0.31187016924253713     
   1.9548872180451120        1.2310418016832090E-002   9.3933053627127616E-002  0.27144601738416424     
   2.0551378446115294        8.2347181611327185E-003   6.9408578028551146E-002  0.22793813548633568     
   2.1553884711779432        5.3991467631167188E-003   5.0029734534064500E-002  0.18504310914822586     
   2.2556390977443606        3.4698170697414978E-003   3.5193012242884347E-002  0.14547184037810068     
   2.3558897243107744        2.1857369255672381E-003   2.4169427561236710E-002  0.11090056735398665     
   2.4561403508771917        1.3495969365688897E-003   1.6210865524276131E-002   8.2079909654532351E-002
   2.5563909774436091        8.1682757880634585E-004   1.0622022271607150E-002   5.9035049071252003E-002
   2.6566416040100229        4.8459870933650439E-004   6.8012116976572988E-003   4.1296458365591752E-002
   2.7568922305764403        2.8181578153525669E-004   4.2564564390884822E-003   2.8116130638248117E-002
   2.8571428571428541        1.6065173195907575E-004   2.6042773266861481E-003   1.8642647628292430E-002
   2.9573934837092715        8.9773594315361717E-005   1.5580765023126288E-003   1.2044946665935165E-002
   3.0576441102756888        4.9176902593292836E-005   9.1165492778407116E-004   7.5867459517398803E-003
   3.1578947368421026        2.6407637076209129E-005   5.2177502649250311E-004   4.6606268328417020E-003
   3.2581453634085200        1.3901459102434971E-005   2.9215430569521896E-004   2.7934201373600743E-003
   3.3583959899749374        7.1739865579157524E-006   1.6005803392051679E-004   1.6341033441028328E-003
   3.4586466165413512        3.6294190406865092E-006   8.5809297771773403E-005   9.3327125176481164E-004
   3.5588972431077686        1.8001027688383024E-006   4.5023001730330545E-005   5.2052635385783398E-004
   3.6591478696741859        8.7528313793420866E-007   2.3122022802007363E-005   2.8359241239960366E-004
   3.7593984962405997        4.1725210429187264E-007   1.1623942117357379E-005   1.5096099391105210E-004
   3.8596491228070171        1.9500917621276231E-007   5.7208358981985402E-006   7.8531905724588480E-005
   3.9598997493734309        8.9356492789268749E-008   2.7566633447318651E-006   3.9932321445094192E-005
   4.0601503759398483        4.0143934926706823E-008   1.3006598230440446E-006   1.9850864659766155E-005
   4.1604010025062657        1.7682550773796976E-008   6.0094548376911541E-007   9.6490493281502599E-006
   4.2606516290726795        7.6367682221951862E-009   2.7191403915508034E-007   4.5867875513917944E-006
   4.3609022556390968        3.2338716904747628E-009   1.2049961593599831E-007   2.1326325447880401E-006
   4.4611528822055107        1.3427444767897829E-009   5.2303171336856050E-008   9.6998957436499805E-007
   4.5614035087719280        5.4667661438896616E-010   2.2237618971511309E-008   4.3163680382256049E-007
   4.6616541353383454        2.1824456723182344E-010   9.2617887082906072E-009   1.8794196501938737E-007
   4.7619047619047592        8.5436151862839967E-011   3.7789848816991422E-009   8.0081754969480251E-008
   4.8621553884711766        3.2797055093560065E-011   1.5106212046263311E-009   3.3396114311018117E-008
   4.9624060150375939        1.2346184561136371E-011   5.9164570780903920E-010   1.3631902854286115E-008
   5.0626566416040077        4.5576965506731383E-012   2.2704837020169720E-010   5.4470168162185876E-009
   5.1629072681704251        1.6499961246375653E-012   8.5378731327422803E-011   2.1308073898973739E-009
   5.2631578947368425        5.8580844988573913E-013   3.1461477586650901E-011   8.1611751580999983E-010
   5.3634085213032563        2.0397362468879219E-013   1.1361339533909694E-011   3.0607115052154421E-010
   5.4636591478696737        6.9654423406226716E-014   4.0209005929081467E-012   1.1240612500512369E-010
   5.5639097744360875        2.3328697606311144E-014   1.3947051351397359E-012   4.0428793707146396E-011
   5.6641604010025048        7.6632031810895350E-015   4.7416357930092571E-013   1.4241604642712141E-011
   5.7644110275689222        2.4689903454416925E-015   1.5800898234266590E-013   4.9139120696184417E-012
   5.8646616541353360        7.8024115891947643E-016   5.1613565509155809E-014   1.6608411199893987E-012
   5.9649122807017534        2.4185231322522715E-016   1.6527030644609063E-014   5.4991052919284698E-013
   6.0651629072681672        7.3535151311584799E-017   5.1879380954391620E-015   1.7838130315457245E-013
   6.1654135338345846        2.1931833049660695E-017   1.5965536516916554E-015   5.6692980110281419E-014
   6.2656641604010019        6.4165505059494723E-018   4.8170441411627424E-016   1.7654704626211145E-014
   6.3659147869674158        1.8415636583414694E-018   1.4249688256229498E-016   5.3872944892818281E-015
   6.4661654135338331        5.1849496614804686E-019   4.1331114495912410E-017   1.6109693825313284E-015
   6.5664160401002505        1.4321404974116848E-019   1.1754771624785735E-017   4.7210311820852208E-016
   6.6666666666666643        3.8808511291169771E-020   3.2782040463912212E-018   1.3559558450113894E-016
   6.7669172932330817        1.0317091256378943E-020   8.9652001339214248E-019   3.8171463489592295E-017
   6.8671679197994990        2.6910110576427588E-021   2.4044007360670614E-019   1.0532750426021774E-017
   6.9674185463659128        6.8869939462226985E-022   6.3240499868626766E-020   2.8489163908034510E-018
   7.0676691729323302        1.7296970491396734E-022   1.6313232120883501E-020   7.5540207069197075E-019
   7.1679197994987440        4.2605727384686942E-023   4.1272643744881733E-021   1.9636232451263997E-019
   7.2681704260651614        1.0304472481897335E-023   1.0240817522030018E-021   5.0042637022415752E-020
   7.3684210526315788        2.4438679124855181E-024   2.4928219098699844E-022   1.2504397250550395E-020
   7.4686716791979926        5.6779585791558928E-025   5.9525091127615264E-023   3.0635951723899755E-021
   7.5689223057644099        1.3061657562264991E-025   1.3946459554425089E-023   7.3595630916680783E-022
   7.6691729323308238        2.9256818320024762E-026   3.2037669150196592E-024   1.7340233446268256E-022
   7.7694235588972411        6.4838326679386664E-027   7.2356026339211686E-025   4.0048218632139172E-023
   7.8696741854636585        1.3851241966083430E-027   1.6016777748914767E-025   9.0725334193486653E-024
   7.9699248120300723        2.8068500355623332E-028   3.4768090397204350E-026   2.0140428216356137E-024
   8.0701754385964897        5.0057059221072333E-029   7.4041522036272403E-027   4.3908594401638874E-025
   8.1704260651629070        1.6928195249434701E-029   1.5874794193186645E-027   9.3421935938376532E-026
   8.2706766917293209        6.2042534957450987E-030   3.0610828713997326E-028   1.9435759139805419E-026
   8.3709273182957382        1.7822182360773405E-032   5.4953378143998523E-029   3.8315093341882223E-027
   8.4711779448621556        2.6592169825126126E-032   1.7204213965163986E-029   7.8246221647512541E-028
   8.5714285714285694        2.8819279782588790E-032   3.9617067277404005E-030   1.5824232660606882E-028
   8.6716791979949868        3.0755356448839367E-031   6.8088916781064021E-031   3.3756731120742850E-029
   8.7719298245614006        6.0557722936507157E-032   1.4494273028500284E-033   3.7050677702351890E-030
   8.8721804511278179        7.5823584354879030E-032   2.6366122226813023E-031   9.4964122838349378E-031
   8.9724310776942353        1.6102230108445658E-032   1.2903855016663238E-031   7.2149434204248296E-032
   9.0726817042606491        1.0905580219838305E-031   2.0158405454327135E-032   8.0909445548721495E-033
   9.1729323308270665        1.7841336776695525E-031   2.6483002585757172E-031   5.9316084247836175E-031
   9.2731829573934803        2.4178331639136746E-032   1.1381459293390405E-030   1.3050111931111792E-032
   9.3734335839598977        2.0717468597164272E-032   9.9534005034966934E-031   1.1503799852177398E-031
   9.4736842105263150        5.6306367257381579E-032   1.4605790619384892E-033   1.0443819004129659E-032
   9.5739348370927289        2.8832128327923090E-032   1.4385941017210896E-031   1.1380931875856565E-031
   9.6741854636591462        2.0868168679001236E-032   1.4844925149052624E-030   6.5069723571095814E-033
   9.7744360902255636        2.3205074625625282E-031   3.4759682137908428E-030   5.7940235914531938E-031
   9.8746867167919774        1.7204869705709204E-031   1.4442202928094475E-031   2.1218794770509786E-032
   9.9749373433583948        1.6323851061078901E-031   1.0213877212725193E-032   9.8367959313958192E-033
   10.075187969924812        2.3558664790859951E-031   3.0049618159331171E-033   6.8377789012218155E-032
   10.175438596491226        3.2031068273061355E-031   1.0263995107930324E-032   3.5346754972026011E-032
   10.275689223057643        2.7175492192620532E-031   1.4533601474291095E-030   7.0078841416496725E-031
   10.375939849624057        7.9356645486452198E-031   1.4777131142297768E-031   1.5983134463782974E-031
   10.476190476190474        1.2885248125976016E-030   8.6085550397625617E-034   9.6632152698526880E-032
   10.576441102756892        2.7923563108526020E-032   7.9352667127831807E-032   1.6507984592976126E-031
   10.676691729323306        1.4783343559705737E-031   2.4161049807805412E-031   3.1042470585383269E-033
   10.776942355889723        1.3510254506752978E-031   2.9836091109278121E-034   2.2416834769894010E-031
   10.877192982456137        8.4493026213600665E-032   1.4354490750446245E-032   1.1807184020627612E-031
   10.977443609022554        1.3193422567637490E-033   2.3530182840755153E-032   5.0146948995687431E-031
   11.077694235588972        2.9527541323518883E-032   7.7089298850054898E-034   2.3252687811402696E-031
   11.177944862155385        1.3081726375891565E-031   5.4339542744592296E-031   2.3368668964534129E-033
   11.278195488721803        6.7828887367471691E-031   1.7382729422619322E-032   4.4306445052478067E-031
   11.378446115288220        2.5579082337835775E-033   2.2267822796549111E-031   2.6923560192002107E-031
   11.478696741854634        2.8337431769471871E-031   7.9985713314793012E-031   9.5514492008763781E-031
   11.578947368421051        5.4086403374342147E-032   2.4508139442822641E-031   5.6935766922897062E-033
   11.679197994987469        3.9414870380213204E-031   2.8174108068435731E-032   1.1172509057439614E-031
   11.779448621553883        5.6491659096478788E-032   1.0637743951656679E-032   1.6951966737248627E-031
   11.879699248120300        2.3510401521775849E-031   5.8897778378058322E-031   4.9038561035077246E-031
   11.979949874686714        5.7184550540361617E-032   1.8308633524099072E-031   8.4116636234078115E-032
   12.080200501253131        1.2052803855841574E-035   1.3808794505421371E-031   2.0233781513326797E-032
   12.180451127819545        9.6456496688146152E-032   1.2929120754837075E-032   9.8301438873725741E-032
   12.280701754385966        2.8614251670473593E-031   4.1207683891961290E-031   9.3927638958663104E-032
   12.380952380952380        9.0501639308572166E-034   3.4621725894420316E-031   4.7193465476463803E-032
   12.481203007518793        6.0499375102431406E-034   4.8407298217325031E-031   5.1511861504095100E-032
   12.581453634085214        3.3143845427382836E-034   1.0449639978663481E-031   2.3057611447839934E-033
   12.681704260651628        2.6020618312243823E-031   2.0213203858200727E-031   2.7646799571484009E-033
   12.781954887218042        3.5611934418610882E-033   3.5868863164688675E-033   1.0407275426188070E-035
   12.882205513784456        2.0501307125271254E-032   2.1177168638510491E-031   1.9157034678951399E-031
   12.982456140350877        8.6375455941366342E-032   6.2411787966751972E-032   1.8629636524079475E-031
   13.082706766917291        6.1526464267369241E-034   2.7982774215092393E-032   4.6940624835566866E-033
   13.182957393483704        7.2936607144478759E-034   2.6698388279657148E-031   2.8904344069515694E-032
   13.283208020050125        1.6683169139952907E-031   3.3840168573864015E-032   1.7138615130545261E-035
   13.383458646616539        7.6953620160799783E-032   3.6137192026779253E-032   6.9534174731026551E-032
   13.483709273182953        4.1521098873769554E-032   3.1471694008011978E-032   3.2251818517293407E-032
   13.583959899749374        2.1985127551545719E-031   5.8344443756554230E-032   1.3523035747365029E-032
   13.684210526315788        2.5427667142406360E-032   6.8071448684068778E-032   5.3923628910588389E-032
   13.784461152882201        2.2621687921348788E-032   1.0670020061016494E-032   7.6948065501803978E-032
   13.884711779448622        8.6436989866932253E-036   7.1318150424702336E-035   8.6905402823390877E-033
   13.984962406015036        7.5659206244112231E-034   3.4293341178556346E-035   2.1492031385965442E-031
   14.085213032581450        2.1305224467494745E-032   1.5531306516197652E-033   1.3761051685665701E-032
   14.185463659147871        4.7543150164943143E-033   1.7443810817841115E-031   6.6260202626038390E-033
   14.285714285714285        1.9190126408126594E-032   2.1014843302207479E-031   4.9902401331526794E-032
   14.385964912280699        6.8665612116275850E-032   3.1101777547378352E-031   3.0945945090828384E-031
   14.486215538847119        1.9098439467386960E-032   8.3696246187982097E-032   6.9445143789928123E-032
   14.586466165413533        2.8203897227837003E-031   6.9130693183783848E-031   5.9678592553132531E-032
   14.686716791979947        4.3828371838564341E-031   2.2585110187867254E-031   3.0392825946910923E-032
   14.786967418546361        1.0664077187668074E-032   3.2336325338380735E-032   2.4723358907388588E-032
   14.887218045112782        5.2498140733036037E-032   6.2187923308597455E-031   6.8257334889816902E-032
   14.987468671679196        2.2605921837609268E-031   1.5963558636002414E-032   2.0847863148779238E-031
   15.087719298245609        5.9510209405657615E-032   3.2292192631689005E-032   9.0543778784071621E-032
   15.187969924812030        7.9106825772876236E-032   8.8298139419948651E-032   5.3854472203484920E-033
   15.288220551378444        1.3882620173424566E-031   2.0981670328767232E-031   9.0114788989796845E-032
   15.388471177944858        1.9628152074134099E-031   6.5455682964734756E-032   9.4898613098739962E-034
   15.488721804511279        6.6854736719734067E-032   4.3283523707084356E-031   3.6239126636894453E-033
   15.588972431077693        5.0992071900347945E-032   1.3019810231412583E-031   1.2798072914762851E-032
   15.689223057644107        1.1532697402890895E-030   1.2891553330223400E-031   3.2874893035563103E-031
   15.789473684210527        1.9061484962968067E-033   4.2161093845973551E-032   5.1581218638856326E-032
   15.889724310776941        7.2047355855698588E-031   2.4934894109025244E-033   7.4112323794209803E-034
   15.989974937343355        5.5363923784512783E-032   2.1130058664869062E-031   5.7888857924636136E-032
   16.090225563909769        2.1357692885041368E-031   7.0650434573929549E-031   3.1373422801983565E-032
   16.190476190476190        6.0768898176373481E-034   5.9624077776864058E-031   2.0337702101144507E-031
   16.290726817042604        9.0101948300107869E-032   4.9706995359421287E-031   3.0362626377148289E-031
   16.390977443609017        3.6088456213300463E-032   1.1727112357419711E-030   1.2783922785123369E-030
   16.491228070175438        1.1103779258310161E-031   3.2824330261066361E-031   7.7318407575364295E-031
   16.591478696741852        3.0140490138790417E-032   4.1755073727713606E-031   1.4648907847979780E-031
   16.691729323308266        1.0259200686019939E-031   1.1189092059746221E-035   1.6561226465835746E-031
   16.791979949874687        1.2149357439061776E-031   3.4890345566211023E-031   2.8148240706502524E-033
   16.892230576441101        2.4602302442516406E-032   1.9523372311285312E-031   3.5282473651300018E-031
   16.992481203007515        4.1320002284798780E-031   8.6883307718173261E-032   4.9554878951647785E-032
   17.092731829573935        7.1627825899393737E-032   8.8944718157866086E-032   6.4079752386629234E-031
   17.192982456140349        6.0321046989339201E-031   1.3076920460931253E-032   1.4186135341646784E-031
   17.293233082706763        1.1028578933619916E-031   1.5688358160975619E-031   1.8599832118137090E-031
   17.393483709273184        1.7757899546502453E-031   1.6936254697575920E-031   4.9741162120592718E-032
   17.493734335839598        9.8318474352984837E-031   5.7025764643659729E-032   8.3035736504251615E-033
   17.593984962406012        3.2110752429392471E-031   2.9645917899678242E-031   9.4337219729035482E-031
   17.694235588972433        9.1482038198947356E-035   6.6567065159664695E-031   1.7412450943506716E-031
   17.794486215538846        5.0871001548170494E-031   1.8375317085192156E-033   1.8892759042768777E-031
   17.894736842105260        6.3567167817552226E-031   2.3979113865949232E-032   2.4836917587532024E-031
   17.994987468671674        4.1492321162357024E-032   1.1408703301150779E-030   2.3071891085926150E-032
   18.095238095238095        2.3625857891583114E-031   1.1751367404100219E-031   2.0561269025782667E-031
   18.195488721804509        7.4944096868973256E-032   3.5840993181870013E-032   2.0378336603469420E-031
   18.295739348370923        3.6221953339160655E-032   5.4888395228199453E-031   4.8112640788302510E-031
   18.395989974937343        1.7809115617771478E-033   1.2619882896674593E-031   8.7916291843461700E-033
   18.496240601503757        6.3703490412692480E-032   5.7046988184611021E-032   7.9166892911874838E-032
   18.596491228070171        4.4256727085672906E-032   2.7689101101131877E-031   5.6242144592215637E-033
   18.696741854636592        1.5760826246108705E-031   1.1573123487633445E-032   1.4476457840175095E-032
   18.796992481203006        2.5131778411422343E-032   3.0154352489586619E-032   1.4725633553379274E-031
   18.897243107769420        8.5188700123478494E-031   5.6247662410403635E-031   1.0728392372570713E-031
   18.997493734335841        2.8854134115488082E-031   4.5075226591514597E-031   1.4725147626139767E-032
   19.097744360902254        2.5066553273364456E-032   5.0135610852156250E-032   3.5030095669551740E-032
   19.197994987468668        4.5564371976140998E-031   1.1421252164793276E-031   2.1859538345169168E-033
   19.298245614035082        8.5072336751572808E-031   1.8089689811999881E-032   2.0407290228520867E-031
   19.398496240601503        4.9782676191390129E-032   1.4608241425725808E-032   1.3447372854087665E-031
   19.498746867167917        4.6900495552242392E-031   3.4964535028812800E-032   6.9575884408400306E-034
   19.598997493734331        2.6127230224122331E-032   2.5288706596010293E-032   5.4524007283986723E-032
   19.699248120300751        1.1272413025139612E-032   4.5399818645929585E-032   6.4302105537934993E-032
   19.799498746867165        2.9104195776227226E-032   1.0429985779166568E-032   5.2916884761814452E-032
   19.899749373433579        2.8133725230586418E-032   1.0155801068507078E-032   9.4904938951558825E-032
   20.000000000000000        1.9776586995178461E-031   7.1609478042020579E-032   2.2976154298273828E-034
