                           x                ground state                 1st excited                 2nd excited
  -20.000000000000000        6.4399577262595970E-017   2.9101404761675770E-008   1.0691601961587911E-005
  -19.899749373433583        2.5955248480071440E-016   1.1649879417085430E-007   4.2757103822815814E-005
  -19.799498746867169        5.9138054842960805E-016   2.6247199191976578E-007   9.6168601608606334E-005
  -19.699248120300751        1.0699529391164823E-015   4.6748836618622031E-007   1.7087961567300512E-004
  -19.598997493734338        1.7097917173580885E-015   7.3220432601873221E-007   2.6682513114438322E-004
  -19.498746867167920        2.5303124984520011E-015   1.0574674229800805E-006   3.8392165449991868E-004
  -19.398496240601503        3.5564136104462198E-015   1.4443190647780224E-006   5.2206728622007626E-004
  -19.298245614035089        4.8192316224934810E-015   1.8939978495711564E-006   6.8114180945977917E-004
  -19.197994987468672        6.3570861697699508E-015   2.4079435316252398E-006   8.6100679465902510E-004
  -19.097744360902254        8.2166427452350360E-015   2.9878016310166108E-006   1.0615057200018736E-003
  -18.997493734335841        1.0454328742611097E-014   3.6354287021412157E-006   1.2824641076188052E-003
  -18.897243107769423        1.3138045719753399E-014   4.3528982778970543E-006   1.5236896754138040E-003
  -18.796992481203006        1.6349229840251225E-014   5.1425075085714677E-006   1.7849725043840468E-003
  -18.696741854636592        2.0185323016405681E-014   6.0067845166880719E-006   2.0660852212862550E-003
  -18.596491228070175        2.4762729739273501E-014   6.9484964913611051E-006   2.3667831964907472E-003
  -18.496240601503761        3.0220349319410957E-014   7.9706585480718993E-006   2.6868047568506782E-003
  -18.395989974937343        3.6723790722521691E-014   9.0765433822332613E-006   3.0258714134011547E-003
  -18.295739348370926        4.4470397897232474E-014   1.0269691747448332E-005   3.3836881036897566E-003
  -18.195488721804512        5.3695238086222415E-014   1.1553923792010953E-005   3.7599434485272739E-003
  -18.095238095238095        6.4678234833203999E-014   1.2933351289941949E-005   4.1543100229349929E-003
  -17.994987468671681        7.7752662133509064E-014   1.4412390805719964E-005   4.5664446410523659E-003
  -17.894736842105264        9.3315257479282845E-014   1.5995777834853959E-005   4.9959886547567903E-003
  -17.794486215538846        1.1183826067487298E-013   1.7688581965569028E-005   5.4425682657352837E-003
  -17.694235588972433        1.3388374373456127E-013   1.9496223110144154E-005   5.9057948507354767E-003
  -17.593984962406015        1.6012066669658283E-013   2.1424488857868232E-005   6.3852652997131313E-003
  -17.493734335839598        1.9134517690396815E-013   2.3479553005167073E-005   6.8805623665806970E-003
  -17.393483709273184        2.2850476772415676E-013   2.5667995322225304E-005   7.3912550322513077E-003
  -17.293233082706767        2.7272702979208649E-013   2.7996822619382193E-005   7.9168988796611377E-003
  -17.192982456140349        3.2535386721930867E-013   3.0473491180743571E-005   8.4570364804433251E-003
  -17.092731829573935        3.8798221704332894E-013   3.3105930636826569E-005   9.0111977929157941E-003
  -16.992481203007518        4.6251250752887287E-013   3.5902569352658955E-005   9.5789005710354563E-003
  -16.892230576441104        5.5120632576429502E-013   3.8872361412606043E-005   1.0159650783961725E-002
  -16.791979949874687        6.5675504444764070E-013   4.2024815288310214E-005   1.0752943045863350E-002
  -16.691729323308270        7.8236149030764463E-013   4.5370024281506277E-005   1.1358261055591691E-002
  -16.591478696741856        9.3183713234656639E-013   4.8918698839169830E-005   1.1975078045838217E-002
  -16.491228070175438        1.1097177390321874E-012   5.2682200844429705E-005   1.2602857241381283E-002
  -16.390977443609025        1.3214010139965276E-012   5.6672579993010652E-005   1.3241052326022622E-002
  -16.290726817042607        1.5733103867242685E-012   6.0902612371637008E-005   1.3889107917804391E-002
  -16.190476190476190        1.8730899283722025E-012   6.5385841361879606E-005   1.4546460052090931E-002
  -16.090225563909776        2.2298363073348306E-012   7.0136621000353253E-005   1.5212536672091190E-002
  -15.989974937343359        2.6543748231205157E-012   7.5170161934048649E-005   1.5886758126392706E-002
  -15.889724310776943        3.1595878946317912E-012   8.0502580117860538E-005   1.6568537673069612E-002
  -15.789473684210527        3.7608059706395813E-012   8.6150948410159659E-005   1.7257281989922390E-002
  -15.689223057644110        4.4762727244024814E-012   9.2133351231513959E-005   1.7952391690401342E-002
  -15.588972431077694        5.3276986484849263E-012   9.8468942461453680E-005   1.8653261844758448E-002
  -15.488721804511279        6.3409198482717494E-012   1.0517800675853397E-004   1.9359282505970021E-002
  -15.388471177944862        7.5466820248566512E-012   1.1228202449988412E-004   2.0069839239966431E-002
  -15.288220551378446        8.9815734367603972E-012   1.1980374054798549E-004   2.0784313659698368E-002
  -15.187969924812030        1.0689135150584226E-011   1.2776723706467170E-004   2.1502083962571087E-002
  -15.087719298245615        1.2721182270393957E-011   1.3619801060523411E-004   2.2222525470766166E-002
  -14.987468671679199        1.5139376237604381E-011   1.4512305373922153E-004   2.2945011173976133E-002
  -14.887218045112782        1.8017095911647747E-011   1.5457094145893111E-004   2.3668912274065947E-002
  -14.786967418546366        2.1441664207938129E-011   1.6457192265188997E-004   2.4393598731177472E-002
  -14.686716791979951        2.5516997858686036E-011   1.7515801692976702E-004   2.5118439810789119E-002
  -14.586466165413533        3.0366760701347518E-011   1.8636311712322691E-004   2.5842804631240182E-002
  -14.486215538847118        3.6138116178493261E-011   1.9822309777031087E-004   2.6566062711229577E-002
  -14.385964912280702        4.3006192915265771E-011   2.1077592994499022E-004   2.7287584516793504E-002
  -14.285714285714286        5.1179398878065642E-011   2.2406180279276760E-004   2.8006742007272177E-002
  -14.185463659147871        6.0905745367190766E-011   2.3812325216145759E-004   2.8722909179762082E-002
  -14.085213032581454        7.2480372738174880E-011   2.5300529673793841E-004   2.9435462611566637E-002
  -13.984962406015038        8.6254506211224889E-011   2.6875558212541674E-004   3.0143782000141024E-002
  -13.884711779448622        1.0264611352190996E-010   2.8542453332101430E-004   3.0847250700039078E-002
  -13.784461152882205        1.2215258780569086E-010   3.0306551608009461E-004   3.1545256256362522E-002
  -13.684210526315789        1.4536584056085812E-010   3.2173500768188754E-004   3.2237190934214496E-002
  -13.583959899749374        1.7299026266346639E-010   3.4149277764076834E-004   3.2922452243663906E-002
  -13.483709273182958        2.0586409843268264E-010   3.6240207893892143E-004   3.3600443459720547E-002
  -13.383458646616543        2.4498488130600351E-010   3.8452985038935707E-004   3.4270574136826486E-002
  -13.283208020050125        2.9153970292303436E-010   4.0794693077331662E-004   3.4932260617368323E-002
  -13.182957393483710        3.4694123407296438E-010   4.3272828543310468E-004   3.5584926533711585E-002
  -13.082706766917294        4.1287059048395994E-010   4.5895324604060294E-004   3.6228003303270209E-002
  -12.982456140350877        4.9132834411696781E-010   4.8670576430282300E-004   3.6860930616108713E-002
  -12.882205513784461        5.8469522777276813E-010   5.1607468040958864E-004   3.7483156914588665E-002
  -12.781954887218046        6.9580437492699280E-010   5.4715400707433710E-004   3.8094139864567000E-002
  -12.681704260651630        8.2802728669512540E-010   5.8004323006747237E-004   3.8693346817649611E-002
  -12.581453634085214        9.8537613431542492E-010   6.1484762619287128E-004   3.9280255264010834E-002
  -12.481203007518797        1.1726255011556643E-009   6.5167859971199181E-004   3.9854353275285283E-002
  -12.380952380952381        1.3954572580332797E-009   6.9065403827676258E-004   4.0415139937036978E-002
  -12.280701754385966        1.6606329674770614E-009   7.3189868949219557E-004   4.0962125770314051E-002
  -12.180451127819548        1.9761990477391404E-009   7.7554455929260656E-004   4.1494833141793690E-002
  -12.080200501253133        2.3517309212183747E-009   8.2173133338132973E-004   4.2012796662020263E-002
  -11.979949874686717        2.7986235546217260E-009   8.7060682305343336E-004   4.2515563571236661E-002
  -11.879699248120302        3.3304372055331839E-009   9.2232743679393112E-004   4.3002694112312986E-002
  -11.779448621553886        3.9633088647558786E-009   9.7705867912040883E-004   4.3473761890257867E-002
  -11.679197994987469        4.7164418766212877E-009   1.0349756782196372E-003   4.3928354217819314E-002
  -11.578947368421053        5.6126885908388584E-009   1.0962637440113168E-003   4.4366072446646691E-002
  -11.478696741854638        6.6792437212821806E-009   1.1611189583604420E-003   4.4786532283505237E-002
  -11.378446115288220        7.9484694449106730E-009   1.2297487992513647E-003   4.5189364091014921E-002
  -11.278195488721805        9.4588772695826443E-009   1.3023728008324385E-003   4.5574213172382486E-002
  -11.177944862155389        1.1256296453916549E-008   1.3792232513397409E-003   4.5940740039585946E-002
  -11.077694235588973        1.3395264419669101E-008   1.4605459310119561E-003   4.6288620664464590E-002
  -10.977443609022558        1.5940681328721752E-008   1.5466008922154694E-003   4.6617546712145783E-002
  -10.877192982456140        1.8969779006623278E-008   1.6376632841099510E-003   4.6927225756249809E-002
  -10.776942355889725        2.2574463925312843E-008   1.7340242242984956E-003   4.7217381475278784E-002
  -10.676691729323309        2.6864105297746952E-008   1.8359917200235925E-003   4.7487753829589481E-002
  -10.576441102756892        3.1968852829986104E-008   1.9438916415901101E-003   4.7738099218343308E-002
  -10.476190476190476        3.8043584730241344E-008   2.0580687508177592E-003   4.7968190615790947E-002
  -10.375939849624061        4.5272605675216841E-008   2.1788877874489060E-003   4.8177817686251206E-002
  -10.275689223057645        5.3875237159584101E-008   2.3067346165605079E-003   4.8366786877107090E-002
  -10.175438596491230        6.4112469691802492E-008   2.4420174401514156E-003   4.8534921489128663E-002
  -10.075187969924812        7.6294878466057926E-008   2.5851680761969920E-003   4.8682061723411288E-002
  -9.9749373433583965        9.0792042407744949E-008   2.7366433085787836E-003   4.8808064704187602E-002
  -9.8746867167919810        1.0804375201447160E-007   2.8969263114079690E-003   4.8912804476752669E-002
  -9.7744360902255636        1.2857334557027613E-007   3.0665281513631978E-003   4.8996171979714884E-002
  -9.6741854636591480        1.5300357773149004E-007   3.2459893717531399E-003   4.9058074990743834E-002
  -9.5739348370927324        1.8207550111102523E-007   3.4358816620915157E-003   4.9098438044997327E-002
  -9.4736842105263168        2.1667093263256268E-007   3.6368096170260335E-003   4.9117202325323288E-002
  -9.3734335839599012        2.5783918483177247E-007   3.8494125884965891E-003   4.9114325523369078E-002
  -9.2731829573934839        3.0682887120940897E-007   4.0743666349974620E-003   4.9089781670649611E-002
  -9.1729323308270683        3.6512574806633318E-007   4.3123865717831101E-003   4.9043560938639756E-002
  -9.0726817042606527        4.3449773757688378E-007   4.5642281257723084E-003   4.8975669406898292E-002
  -8.9724310776942353        5.1704849365340442E-007   4.8306901987680588E-003   4.8886128798246518E-002
  -8.8721804511278197        6.1528112991512636E-007   5.1126172424010990E-003   4.8774976179977753E-002
  -8.7719298245614041        7.3217403551032443E-007   5.4109017479157112E-003   4.8642263630077384E-002
  -8.6716791979949885        8.7127106880428987E-007   5.7264868535266905E-003   4.8488057867425542E-002
  -8.5714285714285730        1.0367888518997286E-006   6.0603690715693957E-003   4.8312439844956076E-002
  -8.4711779448621556        1.2337444034861190E-006   6.4136011370154724E-003   4.8115504304765591E-002
  -8.3709273182957400        1.4681069589034290E-006   6.7872949781114817E-003   4.7897359294189146E-002
  -8.2706766917293244        1.7469785526700847E-006   7.1826248088801611E-003   4.7658125641902735E-002
  -8.1704260651629070        2.0788088015351905E-006   7.6008303419747708E-003   4.7397936393179602E-002
  -8.0701754385964914        2.4736503508005476E-006   8.0432201188452082E-003   4.7116936203511643E-002
  -7.9699248120300759        2.9434626633257079E-006   8.5111749523182102E-003   4.6815280689928199E-002
  -7.8696741854636603        3.5024732749002763E-006   9.0061514744484844E-003   4.6493135739484305E-002
  -7.7694235588972447        4.1676073536625106E-006   9.5296857797982776E-003   4.6150676774582580E-002
  -7.6691729323308273        4.9589984347346879E-006   1.0083397151074583E-002   4.5788087975045980E-002
  -7.5689223057644117        5.9005956129936946E-006   1.0668991850193250E-002   4.5405561457117785E-002
  -7.4686716791979961        7.0208853362234957E-006   1.1288266953259409E-002   4.5003296409966149E-002
  -7.3684210526315788        8.3537493294941868E-006   1.1943114202513132E-002   4.4581498190677034E-002
  -7.2681704260651632        9.9394841956444564E-006   1.2635523841858839E-002   4.4140377379262977E-002
  -7.1679197994987476        1.1826012989277011E-005   1.3367588395009894E-002   4.3680148795848715E-002
  -7.0676691729323320        1.4070324685446475E-005   1.4141506336347066E-002   4.3201030482960000E-002
  -6.9674185463659164        1.6740184114833262E-005   1.4959585594096924E-002   4.2703242656750601E-002
  -6.8671679197994990        1.9916162796727732E-005   1.5824246813135951E-002   4.2187006632071949E-002
  -6.7669172932330834        2.3694050382212519E-005   1.6738026290339561E-002   4.1652543727576638E-002
  -6.6666666666666679        2.8187717370252204E-005   1.7703578478596427E-002   4.1100074158544803E-002
  -6.5664160401002505        3.3532512666829321E-005   1.8723677936041693E-002   4.0529815926897923E-002
  -6.4661654135338349        3.9889294755304729E-005   1.9801220574307967E-002   3.9941983719920825E-002
  -6.3659147869674193        4.7449213119868757E-005   2.0939224033206770E-002   3.9336787831663486E-002
  -6.2656641604010037        5.6439377556056622E-005   2.2140826978703572E-002   3.8714433123786737E-002
  -6.1654135338345881        6.7129577619618003E-005   2.3409287085788752E-002   3.8075118045940090E-002
  -6.0651629072681708        7.9840243284463682E-005   2.4747977427239321E-002   3.7419033739538671E-002
  -5.9649122807017552        9.4951871554400257E-005   2.6160380942645958E-002   3.6746363253227325E-002
  -5.8646616541353396        1.1291618303409835E-004   2.7650082608723477E-002   3.6057280903399630E-002
  -5.7644110275689222        1.3426931812610341E-004   2.9220758871076304E-002   3.5351951818971050E-002
  -5.6641604010025066        1.5964743547686988E-004   3.0876163828472487E-002   3.4630531716287501E-002
  -5.5639097744360910        1.8980513651381076E-004   3.2620111582533862E-002   3.3893166957676316E-002
  -5.4636591478696754        2.2563721042500302E-004   3.4456454077839135E-002   3.3139994955778490E-002
  -5.3634085213032598        2.6820427479703872E-004   3.6389053659153597E-002   3.2371144995597331E-002
  -5.2631578947368425        3.1876297940506085E-004   3.8421749463383559E-002   3.1586739557146637E-002
  -5.1629072681704269        3.7880154534159042E-004   4.0558316643726187E-002   3.0786896233839213E-002
  -5.0626566416040113        4.5008152963162102E-004   4.2802417292584917E-002   2.9971730355295226E-002
  -4.9624060150375939        5.3468683730039594E-004   4.5157541788938119E-002   2.9141358438107275E-002
  -4.8621553884711783        6.3508114869970859E-004   4.7626939146594459E-002   2.8295902604183056E-002
  -4.7619047619047628        7.5417508927056159E-004   5.0213534784838268E-002   2.7435496123484476E-002
  -4.6616541353383472        8.9540464039128398E-004   5.2919833986509013E-002   2.6560290255992967E-002
  -4.5614035087719316        1.0628224707613669E-003   5.5747809156593574E-002   2.5670462586177268E-002
  -4.4611528822055142        1.2612040532939029E-003   5.8698768855463643E-002   2.4766227061466178E-002
  -4.3609022556390986        1.4961706156378463E-003   6.1773206466547506E-002   2.3847845963366157E-002
  -4.2606516290726830        1.7743311428294883E-003   6.4970626284047914E-002   2.2915644054681539E-002
  -4.1604010025062657        2.1034457934705486E-003   6.8289344792672235E-002   2.1970025157136707E-002
  -4.0601503759398501        2.4926131859890730E-003   7.1726264984530386E-002   2.1011491418366088E-002
  -3.9598997493734345        2.9524840316651592E-003   7.5276621751690947E-002   2.0040665522914787E-002
  -3.8596491228070171        3.4955035001402270E-003   7.8933696748050744E-002   1.9058316084947739E-002
  -3.7593984962406033        4.1361844542777762E-003   8.2688501682164212E-002   1.8065386426307738E-002
  -3.6591478696741859        4.8914132248196627E-003   8.6529429845081385E-002   1.7063026886798362E-002
  -3.5588972431077721        5.7807888364816516E-003   9.0441876866692084E-002   1.6052630727484873E-002
  -3.4586466165413547        6.8269954539357082E-003   9.4407833314232845E-002   1.5035873564427253E-002
  -3.3583959899749374        8.0562061776405236E-003   9.8405453891065031E-002   1.4014756100654611E-002
  -3.2581453634085236        9.4985140551874653E-003  0.10240861076319389        1.2991649698202100E-002
  -3.1578947368421062        1.1188383134436189E-002  0.10638644203775988        1.1969344039059781E-002
  -3.0576441102756888        1.3165108405531607E-002  0.11030291073753057        1.0951095753144286E-002
  -2.9573934837092750        1.5473268386987767E-002  0.11411639483451037        9.9406764332766739E-003
  -2.8571428571428577        1.8163147737677753E-002  0.11777933506214709        8.9424179044191553E-003
  -2.7568922305764403        2.1291099476956468E-002  0.12123797429431739        7.9612519646017847E-003
  -2.6566416040100265        2.4919807077270970E-002  0.12443223013961568        7.0027410730610770E-003
  -2.5563909774436091        2.9118395858661120E-002  0.12729575079465430        6.0730956432638022E-003
  -2.4561403508771953        3.3962330910359093E-002  0.12975621268939852        5.1791727364205783E-003
  -2.3558897243107779        3.9533025553275626E-002  0.13173592636404896        4.3284500971500538E-003
  -2.2556390977443606        4.5917070795352129E-002  0.13315282337525550        3.5289687054160853E-003
  -2.1553884711779467        5.3204983361215881E-002  0.13392190054135214        2.7892364468290140E-003
  -2.0551378446115294        6.1489359216084435E-002  0.13395719684810115        2.1180852703320367E-003
  -1.9548872180451156        7.0862313124401971E-002  0.13317437085321346        1.5244744864917790E-003
  -1.8546365914786982        8.1412085360067402E-002  0.13149393018702260        1.0172338699161736E-003
  -1.7543859649122808        9.3218707476548021E-002  0.12884513737601999        6.0474219368663370E-004
  -1.6541353383458670       0.10634864378340086       0.12517057549768756        2.9453996804087621E-004
  -1.5538847117794496       0.12084836781616032       0.12043130143730335        9.2879671233628186E-005
  -1.4536340852130323       0.13673689738521064       0.11461244315380499        4.2227591029957267E-006
  -1.3533834586466185       0.15399740067910728       0.10772901146056259        3.0700196532599461E-005
  -1.2531328320802011       0.17256810066377173        9.9831599853709180E-002   1.7156194350192452E-004
  -1.1528822055137837       0.19233284430891132        9.1011544353072238E-002   4.2265026202357905E-004
  -1.0526315789473699       0.21311186194001994        8.1405019088615152E-002   7.7594108613365592E-004
 -0.95238095238095255       0.23465341055023467        7.1195465908736391E-002   1.2192058809804690E-003
 -0.85213032581453874       0.25662715819000725        6.0613714026196620E-002   1.7358519724099280E-003
 -0.75187969924812137       0.27862030418756484        4.9935156759855930E-002   2.3050006139026928E-003
 -0.65162907268170400       0.30013751696943908        3.9473434408317895E-002   2.9018574037503772E-003
 -0.55137844611529019       0.32060577999659168        2.9570239387589976E-002   3.4984176297656135E-003
 -0.45112781954887282       0.33938513954695976        2.0581119165124426E-002   4.0645288030266334E-003
 -0.35087719298245901       0.35578612302274104        1.2857500780975748E-002   4.5693040292890084E-003
 -0.25062656641604164       0.36909422974466749        6.7255807413451590E-003   4.9828441220408646E-003
 -0.15037593984962427       0.37860138860742659        2.4631833575069293E-003   5.2781860224241032E-003
  -5.0125313283210460E-002  0.38364364750374119        2.7614194781603788E-004   5.4333540749357170E-003
   5.0125313283206907E-002  0.38364364750372193        2.7614194781841494E-004   5.4333540749295691E-003
  0.15037593984962427       0.37860138860737574        2.4631833575140096E-003   5.2781860224060638E-003
  0.25062656641603809       0.36909422974459177        6.7255807413574330E-003   4.9828441220119727E-003
  0.35087719298245545       0.35578612302263574        1.2857500780992372E-002   4.5693040292505826E-003
  0.45112781954887282       0.33938513954682797        2.0581119165144025E-002   4.0645288029808012E-003
  0.55137844611528664       0.32060577999644235        2.9570239387612416E-002   3.4984176297149297E-003
  0.65162907268170400       0.30013751696928143        3.9473434408342362E-002   2.9018574036973428E-003
  0.75187969924811782       0.27862030418740868        4.9935156759882020E-002   2.3050006138499194E-003
  0.85213032581453518       0.25662715818985221        6.0613714026224813E-002   1.7358519723596844E-003
  0.95238095238095255       0.23465341055008312        7.1195465908767283E-002   1.2192058809349321E-003
   1.0526315789473664       0.21311186193987336        8.1405019088650318E-002   7.7594108609502015E-004
   1.1528822055137837       0.19233284430877237        9.1011544353111720E-002   4.2265026199364748E-004
   1.2531328320801975       0.17256810066364203        9.9831599853755740E-002   1.7156194348200171E-004
   1.3533834586466149       0.15399740067898668       0.10772901146061320        3.0700196523920449E-005
   1.4536340852130323       0.13673689738510383       0.11461244315386186        4.2227591062871037E-006
   1.5538847117794461       0.12084836781606668       0.12043130143736333        9.2879671249291072E-005
   1.6541353383458635       0.10634864378332004       0.12517057549775087        2.9453996806903668E-004
   1.7543859649122808        9.3218707476479215E-002  0.12884513737608622        6.0474219372712030E-004
   1.8546365914786946        8.1412085360009559E-002  0.13149393018708827        1.0172338699685267E-003
   1.9548872180451120        7.0862313124351969E-002  0.13317437085327782        1.5244744865555199E-003
   2.0551378446115294        6.1489359216041754E-002  0.13395719684816562        2.1180852704064234E-003
   2.1553884711779432        5.3204983361177891E-002  0.13392190054141620        2.7892364469130630E-003
   2.2556390977443606        4.5917070795318982E-002  0.13315282337531881        3.5289687055088553E-003
   2.3558897243107744        3.9533025553245768E-002  0.13173592636411166        4.3284500972502974E-003
   2.4561403508771917        3.3962330910332940E-002  0.12975621268946311        5.1791727365274468E-003
   2.5563909774436091        2.9118395858638166E-002  0.12729575079472022        6.0730956433761221E-003
   2.6566416040100229        2.4919807077251437E-002  0.12443223013968180        7.0027410731776530E-003
   2.7568922305764403        2.1291099476940033E-002  0.12123797429438578        7.9612519647215656E-003
   2.8571428571428541        1.8163147737663896E-002  0.11777933506221738        8.9424179045408062E-003
   2.9573934837092715        1.5473268386975913E-002  0.11411639483458320        9.9406764333996867E-003
   3.0576441102756888        1.3165108405521890E-002  0.11030291073760749        1.0951095753267857E-002
   3.1578947368421026        1.1188383134427772E-002  0.10638644203783874        1.1969344039182730E-002
   3.2581453634085200        9.4985140551805420E-003  0.10240861076327355        1.2991649698323064E-002
   3.3583959899749374        8.0562061776346099E-003   9.8405453891142317E-002   1.4014756100772187E-002
   3.4586466165413512        6.8269954539307409E-003   9.4407833314310075E-002   1.5035873564540978E-002
   3.5588972431077686        5.7807888364774474E-003   9.0441876866768314E-002   1.6052630727593577E-002
   3.6591478696741859        4.8914132248159903E-003   8.6529429845156394E-002   1.7063026886901450E-002
   3.7593984962405997        4.1361844542749061E-003   8.2688501682238000E-002   1.8065386426404040E-002
   3.8596491228070171        3.4955035001376818E-003   7.8933696748123866E-002   1.9058316085037781E-002
   3.9598997493734309        2.9524840316627944E-003   7.5276621751763723E-002   2.0040665522997190E-002
   4.0601503759398483        2.4926131859871756E-003   7.1726264984601246E-002   2.1011491418440671E-002
   4.1604010025062657        2.1034457934689423E-003   6.8289344792740847E-002   2.1970025157201669E-002
   4.2606516290726795        1.7743311428282916E-003   6.4970626284114125E-002   2.2915644054736607E-002
   4.3609022556390968        1.4961706156367679E-003   6.1773206466612267E-002   2.3847845963410802E-002
   4.4611528822055107        1.2612040532931285E-003   5.8698768855526828E-002   2.4766227061500615E-002
   4.5614035087719280        1.0628224707607339E-003   5.5747809156655399E-002   2.5670462586200010E-002
   4.6616541353383454        8.9540464039084954E-004   5.2919833986568313E-002   2.6560290256003604E-002
   4.7619047619047592        7.5417508927019610E-004   5.0213534784893946E-002   2.7435496123481864E-002
   4.8621553884711766        6.3508114869949739E-004   4.7626939146646848E-002   2.8295902604166211E-002
   4.9624060150375939        5.3468683730021520E-004   4.5157541788987676E-002   2.9141358438075447E-002
   5.0626566416040077        4.5008152963145275E-004   4.2802417292631373E-002   2.9971730355248465E-002
   5.1629072681704251        3.7880154534153555E-004   4.0558316643770291E-002   3.0786896233777190E-002
   5.2631578947368425        3.1876297940500832E-004   3.8421749463424006E-002   3.1586739557069733E-002
   5.3634085213032563        2.6820427479701145E-004   3.6389053659191664E-002   3.2371144995505724E-002
   5.4636591478696737        2.2563721042494062E-004   3.4456454077874489E-002   3.3139994955671673E-002
   5.5639097744360875        1.8980513651374218E-004   3.2620111582567959E-002   3.3893166957554094E-002
   5.6641604010025048        1.5964743547679111E-004   3.0876163828504645E-002   3.4630531716150194E-002
   5.7644110275689222        1.3426931812604765E-004   2.9220758871105975E-002   3.5351951818817111E-002
   5.8646616541353360        1.1291618303407775E-004   2.7650082608751111E-002   3.6057280903228878E-002
   5.9649122807017534        9.4951871554394782E-005   2.6160380942671979E-002   3.6746363253039011E-002
   6.0651629072681672        7.9840243284452921E-005   2.4747977427262507E-002   3.7419033739332662E-002
   6.1654135338345846        6.7129577619631624E-005   2.3409287085809374E-002   3.8075118045716345E-002
   6.2656641604010019        5.6439377556046926E-005   2.2140826978721672E-002   3.8714433123544306E-002
   6.3659147869674158        4.7449213119875161E-005   2.0939224033222528E-002   3.9336787831403063E-002
   6.4661654135338331        3.9889294755292159E-005   1.9801220574321841E-002   3.9941983719641645E-002
   6.5664160401002505        3.3532512666818615E-005   1.8723677936053063E-002   4.0529815926598864E-002
   6.6666666666666643        2.8187717370225044E-005   1.7703578478605379E-002   4.1100074158226724E-002
   6.7669172932330817        2.3694050382187087E-005   1.6738026290347218E-002   4.1652543727240185E-002
   6.8671679197994990        1.9916162796708674E-005   1.5824246813142116E-002   4.2187006631717254E-002
   6.9674185463659128        1.6740184114831263E-005   1.4959585594101585E-002   4.2703242656376768E-002
   7.0676691729323302        1.4070324685451452E-005   1.4141506336350106E-002   4.3201030482566821E-002
   7.1679197994987440        1.1826012989293648E-005   1.3367588395011700E-002   4.3680148795436809E-002
   7.2681704260651614        9.9394841956527132E-006   1.2635523841859753E-002   4.4140377378833293E-002
   7.3684210526315788        8.3537493294973530E-006   1.1943114202512994E-002   4.4581498190230689E-002
   7.4686716791979926        7.0208853362160910E-006   1.1288266953258358E-002   4.5003296409502749E-002
   7.5689223057644099        5.9005956129874376E-006   1.0668991850191330E-002   4.5405561456638037E-002
   7.6691729323308238        4.9589984347309000E-006   1.0083397151072791E-002   4.5788087974550057E-002
   7.7694235588972411        4.1676073536656345E-006   9.5296857797961803E-003   4.6150676774071919E-002
   7.8696741854636585        3.5024732749014656E-006   9.0061514744456568E-003   4.6493135738957490E-002
   7.9699248120300723        2.9434626633233002E-006   8.5111749523150201E-003   4.6815280689386569E-002
   8.0701754385964897        2.4736503507987049E-006   8.0432201188418186E-003   4.7116936202953909E-002
   8.1704260651629070        2.0788088015321954E-006   7.6008303419716058E-003   4.7397936392607407E-002
   8.2706766917293209        1.7469785526699879E-006   7.1826248088765485E-003   4.7658125641316725E-002
   8.3709273182957382        1.4681069589087469E-006   6.7872949781078570E-003   4.7897359293590049E-002
   8.4711779448621556        1.2337444034924452E-006   6.4136011370115736E-003   4.8115504304152880E-002
   8.5714285714285694        1.0367888519049243E-006   6.0603690715657311E-003   4.8312439844330521E-002
   8.6716791979949868        8.7127106880820803E-007   5.7264868535229748E-003   4.8488057866787462E-002
   8.7719298245614006        7.3217403551066208E-007   5.4109017479118523E-003   4.8642263629427009E-002
   8.8721804511278179        6.1528112991340370E-007   5.1126172423968655E-003   4.8774976179314186E-002
   8.9724310776942353        5.1704849365190115E-007   4.8306901987636161E-003   4.8886128797570171E-002
   9.0726817042606491        4.3449773757613924E-007   4.5642281257678233E-003   4.8975669406209517E-002
   9.1729323308270665        3.6512574806585128E-007   4.3123865717785096E-003   4.9043560937939837E-002
   9.2731829573934803        3.0682887120932454E-007   4.0743666349928936E-003   4.9089781669938597E-002
   9.3734335839598977        2.5783918483116843E-007   3.8494125884918312E-003   4.9114325522647689E-002
   9.4736842105263150        2.1667093263279292E-007   3.6368096170213151E-003   4.9117202324591949E-002
   9.5739348370927289        1.8207550111106408E-007   3.4358816620869408E-003   4.9098438044256593E-002
   9.6741854636591462        1.5300357773158645E-007   3.2459893717485758E-003   4.9058074989994087E-002
   9.7744360902255636        1.2857334557006496E-007   3.0665281513585509E-003   4.8996171978955373E-002
   9.8746867167919774        1.0804375201497426E-007   2.8969263114033621E-003   4.8912804475985915E-002
   9.9749373433583948        9.0792042407810382E-008   2.7366433085742295E-003   4.8808064703413763E-002
   10.075187969924812        7.6294878465901238E-008   2.5851680761926053E-003   4.8682061722631051E-002
   10.175438596491226        6.4112469691769326E-008   2.4420174401471486E-003   4.8534921488344741E-002
   10.275689223057643        5.3875237159625586E-008   2.3067346165564955E-003   4.8366786876319852E-002
   10.375939849624057        4.5272605675266055E-008   2.1788877874451525E-003   4.8177817685462108E-002
   10.476190476190474        3.8043584730320423E-008   2.0580687508143757E-003   4.7968190614999878E-002
   10.576441102756892        3.1968852830260410E-008   1.9438916415868502E-003   4.7738099217551233E-002
   10.676691729323306        2.6864105297920975E-008   1.8359917200205099E-003   4.7487753828797552E-002
   10.776942355889723        2.2574463925515367E-008   1.7340242242955947E-003   4.7217381474486328E-002
   10.877192982456137        1.8969779006578501E-008   1.6376632841071789E-003   4.6927225755456471E-002
   10.977443609022554        1.5940681328608395E-008   1.5466008922128650E-003   4.6617546711351314E-002
   11.077694235588972        1.3395264419688930E-008   1.4605459310094147E-003   4.6288620663669719E-002
   11.177944862155385        1.1256296453824004E-008   1.3792232513373459E-003   4.5940740038790583E-002
   11.278195488721803        9.4588772696405139E-009   1.3023728008300110E-003   4.5574213171585248E-002
   11.378446115288220        7.9484694449330135E-009   1.2297487992489174E-003   4.5189364090216885E-002
   11.478696741854634        6.6792437212682319E-009   1.1611189583580345E-003   4.4786532282707132E-002
   11.578947368421051        5.6126885907375048E-009   1.0962637440090025E-003   4.4366072445848871E-002
   11.679197994987469        4.7164418765235142E-009   1.0349756782175371E-003   4.3928354217022299E-002
   11.779448621553883        3.9633088647521844E-009   9.7705867911836966E-004   4.3473761889462587E-002
   11.879699248120300        3.3304372054330950E-009   9.2232743679192578E-004   4.3002694111519343E-002
   11.979949874686714        2.7986235545356818E-009   8.7060682305147724E-004   4.2515563570446668E-002
   12.080200501253131        2.3517309211546665E-009   8.2173133337943357E-004   4.2012796661232324E-002
   12.180451127819545        1.9761990477296001E-009   7.7554455929072449E-004   4.1494833141008554E-002
   12.280701754385966        1.6606329674783046E-009   7.3189868949034799E-004   4.0962125769531663E-002
   12.380952380952380        1.3954572580987349E-009   6.9065403827491749E-004   4.0415139936257671E-002
   12.481203007518793        1.1726255011902708E-009   6.5167859971019106E-004   3.9854353274509466E-002
   12.581453634085214        9.8537613431630008E-010   6.1484762619114241E-004   3.9280255263238799E-002
   12.681704260651628        8.2802728662019648E-010   5.8004323006567954E-004   3.8693346816882843E-002
   12.781954887218042        6.9580437490432081E-010   5.4715400707256541E-004   3.8094139863805616E-002
   12.882205513784456        5.8469522778784163E-010   5.1607468040792981E-004   3.7483156913834074E-002
   12.982456140350877        4.9132834411785351E-010   4.8670576430124489E-004   3.6860930615361789E-002
   13.082706766917291        4.1287059047078440E-010   4.5895324603902055E-004   3.6228003302532071E-002
   13.182957393483704        3.4694123407354873E-010   4.3272828543161130E-004   3.5584926532981856E-002
   13.283208020050125        2.9153970293068630E-010   4.0794693077186525E-004   3.4932260616645831E-002
   13.383458646616539        2.4498488131759567E-010   3.8452985038796468E-004   3.4270574136112758E-002
   13.483709273182953        2.0586409845140619E-010   3.6240207893754368E-004   3.3600443459016083E-002
   13.583959899749374        1.7299026267202740E-010   3.4149277763949424E-004   3.2922452242969739E-002
   13.684210526315788        1.4536584057299169E-010   3.2173500768065382E-004   3.2237190933531834E-002
   13.784461152882201        1.2215258780928628E-010   3.0306551607892009E-004   3.1545256255691267E-002
   13.884711779448622        1.0264611352392153E-010   2.8542453331987556E-004   3.0847250699379710E-002
   13.984962406015036        8.6254506191646597E-011   2.6875558212432349E-004   3.0143781999494159E-002
   14.085213032581450        7.2480372733976602E-011   2.5300529673689595E-004   2.9435462610932002E-002
   14.185463659147871        6.0905745360508607E-011   2.3812325216051108E-004   2.8722909179140874E-002
   14.285714285714285        5.1179398877597122E-011   2.2406180279183025E-004   2.8006742006663976E-002
   14.385964912280699        4.3006192915560720E-011   2.1077592994410779E-004   2.7287584516198914E-002
   14.486215538847119        3.6138116164856458E-011   1.9822309776945405E-004   2.6566062710648451E-002
   14.586466165413533        3.0366760688027881E-011   1.8636311712242029E-004   2.5842804630673431E-002
   14.686716791979947        2.5516997857484970E-011   1.7515801692899501E-004   2.5118439810236762E-002
   14.786967418546361        2.1441664214064675E-011   1.6457192265113271E-004   2.4393598730639655E-002
   14.887218045112782        1.8017095922206035E-011   1.5457094145824579E-004   2.3668912273542689E-002
   14.987468671679196        1.5139376236371281E-011   1.4512305373859017E-004   2.2945011173466957E-002
   15.087719298245609        1.2721182267114685E-011   1.3619801060463504E-004   2.2222525470271263E-002
   15.187969924812030        1.0689135146506754E-011   1.2776723706409422E-004   2.1502083962090773E-002
   15.288220551378444        8.9815734374013070E-012   1.1980374054742159E-004   2.0784313659232750E-002
   15.388471177944858        7.5466820217470127E-012   1.1228202449933212E-004   2.0069839239514421E-002
   15.488721804511279        6.3409198488191677E-012   1.0517800675801864E-004   1.9359282505532708E-002
   15.588972431077693        5.3276986490061712E-012   9.8468942460955340E-005   1.8653261844335658E-002
   15.689223057644107        4.4762727276979213E-012   9.2133351231073651E-005   1.7952391689992950E-002
   15.789473684210527        3.7608059734728866E-012   8.6150948409733391E-005   1.7257281989528552E-002
   15.889724310776941        3.1595878950943346E-012   8.0502580117449137E-005   1.6568537672690769E-002
   15.989974937343355        2.6543748216418681E-012   7.5170161933660641E-005   1.5886758126028300E-002
   16.090225563909769        2.2298363081416500E-012   7.0136620999982442E-005   1.5212536671741475E-002
   16.190476190476190        1.8730899303690880E-012   6.5385841361515897E-005   1.4546460051755297E-002
   16.290726817042604        1.5733103839309143E-012   6.0902612371302274E-005   1.3889107917483271E-002
   16.390977443609017        1.3214010130985892E-012   5.6672579992719341E-005   1.3241052325715643E-002
   16.491228070175438        1.1097177405561280E-012   5.2682200844168819E-005   1.2602857241088434E-002
   16.591478696741852        9.3183713201070542E-013   4.8918698838903936E-005   1.1975078045559480E-002
   16.691729323308266        7.8236148956387850E-013   4.5370024281257290E-005   1.1358261055327262E-002
   16.791979949874687        6.5675504507966081E-013   4.2024815288079889E-005   1.0752943045612738E-002
   16.892230576441101        5.5120632595244246E-013   3.8872361412403121E-005   1.0159650783724950E-002
   16.992481203007515        4.6251250839730791E-013   3.5902569352467071E-005   9.5789005708120795E-003
   17.092731829573935        3.8798221744570970E-013   3.3105930636635912E-005   9.0111977927054155E-003
   17.192982456140349        3.2535386645310718E-013   3.0473491180568021E-005   8.4570364802453706E-003
   17.293233082706763        2.7272702988276758E-013   2.7996822619225519E-005   7.9168988794755882E-003
   17.393483709273184        2.2850476813953744E-013   2.5667995322089169E-005   7.3912550320775197E-003
   17.493734335839598        1.9134517689517984E-013   2.3479553005028041E-005   6.8805623664186496E-003
   17.593984962406012        1.6012066632306492E-013   2.1424488857748336E-005   6.3852652995625590E-003
   17.694235588972433        1.3388374364222125E-013   1.9496223110028581E-005   5.9057948505960639E-003
   17.794486215538846        1.1183826081092342E-013   1.7688581965470857E-005   5.4425682656068829E-003
   17.894736842105260        9.3315257885342660E-014   1.5995777834766803E-005   4.9959886546387163E-003
   17.994987468671674        7.7752662193463515E-014   1.4412390805635232E-005   4.5664446409443690E-003
   18.095238095238095        6.4678234359488898E-014   1.2933351289866204E-005   4.1543100228366098E-003
   18.195488721804509        5.3695238262166417E-014   1.1553923791943887E-005   3.7599434484383259E-003
   18.295739348370923        4.4470397918002664E-014   1.0269691747387164E-005   3.3836881036099354E-003
   18.395989974937343        3.6723790364564645E-014   9.0765433821779619E-006   3.0258714133297583E-003
   18.496240601503757        3.0220349456247376E-014   7.9706585480316991E-006   2.6868047567872640E-003
   18.596491228070171        2.4762729628461042E-014   6.9484964913230276E-006   2.3667831964350548E-003
   18.696741854636592        2.0185323183183142E-014   6.0067845166540382E-006   2.0660852212376689E-003
   18.796992481203006        1.6349229740919172E-014   5.1425075085414802E-006   1.7849725043420379E-003
   18.897243107769420        1.3138045675665960E-014   4.3528982778714985E-006   1.5236896753779389E-003
   18.997493734335841        1.0454328566975140E-014   3.6354287021212961E-006   1.2824641075886568E-003
   19.097744360902254        8.2166427352277249E-015   2.9878016310017958E-006   1.0615057199769285E-003
   19.197994987468668        6.3570863016372997E-015   2.4079435316099310E-006   8.6100679463874574E-004
   19.298245614035082        4.8192315277883375E-015   1.8939978495646103E-006   6.8114180944379857E-004
   19.398496240601503        3.5564136816581311E-015   1.4443190647695572E-006   5.2206728620781784E-004
   19.498746867167917        2.5303125458587514E-015   1.0574674229733694E-006   3.8392165449087416E-004
   19.598997493734331        1.7097917167781102E-015   7.3220432601462527E-007   2.6682513113808086E-004
   19.699248120300751        1.0699529624227126E-015   4.6748836618327375E-007   1.7087961566897568E-004
   19.799498746867165        5.9138060094950429E-016   2.6247199191901494E-007   9.6168601606361914E-005
   19.899749373433579        2.5955246472723601E-016   1.1649879417009239E-007   4.2757103821804389E-005
   20.000000000000000        6.4399571555598490E-017   2.9101404761412680E-008   1.0691601961333403E-005
